indices layout 
0 - USD, 1 - GBP, 2 - EU, 3 - CNY, 4 - gold, 5 - US Bill
6 - German Bill, 7 - UK Bill (EU), 8 - Chinese Bill, 9 - SP500



Spot Price 10x10 matrix
[[  1.00000000e+00   7.46937556e-01   8.44309355e-01   6.58000000e+00
    7.91765637e-04   1.00000000e+00   8.44309355e-01   7.46937556e-01
    6.58000000e+00   3.74293521e-03]
 [  1.33880000e+00   1.00000000e+00   1.13036136e+00   8.80930400e+00
    1.06001584e-03   1.33880000e+00   1.13036136e+00   1.00000000e+00
    8.80930400e+00   5.01104166e-03]
 [  1.18440000e+00   8.84672841e-01   1.00000000e+00   7.79335200e+00
    9.37767221e-04   1.18440000e+00   1.00000000e+00   8.84672841e-01
    7.79335200e+00   4.43313246e-03]
 [  1.51975684e-01   1.13516346e-01   1.28314492e-01   1.00000000e+00
    1.20329124e-04   1.51975684e-01   1.28314492e-01   1.13516346e-01
    1.00000000e+00   5.68835138e-04]
 [  1.26300000e+03   9.43382133e+02   1.06636272e+03   8.31054000e+03
    1.00000000e+00   1.26300000e+03   1.06636272e+03   9.43382133e+02
    8.31054000e+03   4.72732717e+00]
 [  1.00000000e+00   7.46937556e-01   8.44309355e-01   6.58000000e+00
    7.91765637e-04   1.00000000e+00   8.44309355e-01   7.46937556e-01
    6.58000000e+00   3.74293521e-03]
 [  1.18440000e+00   8.84672841e-01   1.00000000e+00   7.79335200e+00
    9.37767221e-04   1.18440000e+00   1.00000000e+00   8.84672841e-01
    7.79335200e+00   4.43313246e-03]
 [  1.33880000e+00   1.00000000e+00   1.13036136e+00   8.80930400e+00
    1.06001584e-03   1.33880000e+00   1.13036136e+00   1.00000000e+00
    8.80930400e+00   5.01104166e-03]
 [  1.51975684e-01   1.13516346e-01   1.28314492e-01   1.00000000e+00
    1.20329124e-04   1.51975684e-01   1.28314492e-01   1.13516346e-01
    1.00000000e+00   5.68835138e-04]
 [  2.67170000e+02   1.99559307e+02   2.25574130e+02   1.75797860e+03
    2.11536025e-01   2.67170000e+02   2.25574130e+02   1.99559307e+02
    1.75797860e+03   1.00000000e+00]]




1-year Forward Price 10x10 matrix
[[  1.00000000e+00   7.39788770e-01   8.26315194e-01   6.51702417e+00
    7.54062512e-04   9.86679822e-01   8.33063004e-01   7.36988215e-01
    6.49235323e+00   3.76043292e-03]
 [  1.35173720e+00   1.00000000e+00   1.11696099e+00   8.80930400e+00
    1.01929435e-03   1.33373182e+00   1.12608225e+00   9.96214385e-01
    8.77595537e+00   5.08311706e-03]
 [  1.21019195e+00   8.95286418e-01   1.00000000e+00   7.88685022e+00
    9.12560385e-04   1.19407198e+00   1.00816615e+00   8.91897209e-01
    7.85699365e+00   4.55084567e-03]
 [  1.53444267e-01   1.13516346e-01   1.26793330e-01   1.00000000e+00
    1.15706570e-04   1.51400363e-01   1.27828742e-01   1.13086617e-01
    9.96214385e-01   5.77016875e-04]
 [  1.32615000e+03   9.81070878e+02   1.09581789e+03   8.64255161e+03
    1.00000000e+00   1.30848545e+03   1.10476650e+03   9.77356921e+02
    8.60983424e+03   4.98689812e+00]
 [  1.01350000e+00   7.49775919e-01   8.37470449e-01   6.60500400e+00
    7.64242356e-04   1.00000000e+00   8.44309355e-01   7.46937556e-01
    6.58000000e+00   3.81119877e-03]
 [  1.20038940e+00   8.88034598e-01   9.91900000e-01   7.82296674e+00
    9.05168646e-04   1.18440000e+00   1.00000000e+00   8.84672841e-01
    7.79335200e+00   4.51398382e-03]
 [  1.35687380e+00   1.00380000e+00   1.12120544e+00   8.84277936e+00
    1.02316767e-03   1.33880000e+00   1.13036136e+00   1.00000000e+00
    8.80930400e+00   5.10243291e-03]
 [  1.54027356e-01   1.13947708e-01   1.27275144e-01   1.00380000e+00
    1.16146255e-04   1.51975684e-01   1.28314492e-01   1.13516346e-01
    1.00000000e+00   5.79209539e-04]
 [  2.65926828e+02   1.96729681e+02   2.19739379e+02   1.73305157e+03
    2.00525452e-01   2.62384636e+02   2.21533803e+02   1.95984939e+02
    1.72649090e+03   1.00000000e+00]]